2 0.9375 0.3351851851851852 0.125 0.22222222222222224
2 0.6819444444444445 0.3509259259259259 0.1 0.1685185185185185
2 0.43333333333333335 0.3351851851851852 0.11944444444444445 0.17037037037037037
2 0.024305555555555556 0.24444444444444446 0.04583333333333334 0.11111111111111112
2 0.08125 0.2240740740740741 0.0625 0.10370370370370371
2 0.1277777777777778 0.21944444444444444 0.025 0.07222222222222223
2 0.29444444444444445 0.20555555555555557 0.016666666666666666 0.05555555555555556
2 0.3458333333333333 0.19074074074074074 0.019444444444444445 0.05925925925925926
2 0.36388888888888893 0.1953703703703704 0.01388888888888889 0.061111111111111116
2 0.44097222222222227 0.20185185185185187 0.020833333333333336 0.06666666666666667
2 0.4729166666666667 0.20092592592592592 0.034722222222222224 0.07222222222222223
2 0.6062500000000001 0.19907407407407407 0.02638888888888889 0.061111111111111116
2 0.6375000000000001 0.20833333333333334 0.02777777777777778 0.06481481481481481
2 0.6770833333333334 0.20277777777777778 0.03194444444444445 0.07222222222222223
2 0.7118055555555556 0.19722222222222224 0.03194444444444445 0.07222222222222223
2 0.7666666666666667 0.2064814814814815 0.025 0.06851851851851852
2 0.7902777777777779 0.19814814814814816 0.019444444444444445 0.06296296296296297
2 0.8180555555555555 0.19444444444444445 0.025 0.05555555555555556
2 0.8402777777777778 0.20555555555555557 0.011111111111111112 0.044444444444444446
2 0.8631944444444445 0.2 0.006944444444444445 0.022222222222222223
