2 0.1 0.6979010494752623 0.12 0.10644677661169415
2 0.221 0.6799100449775112 0.098 0.07946026986506746
2 0.491 0.5704647676161919 0.034 0.01649175412293853
2 0.377 0.5487256371814093 0.03 0.026986506746626684
2 0.41400000000000003 0.5524737631184408 0.02 0.01649175412293853
2 0.463 0.5464767616191903 0.022 0.019490254872563718
2 0.508 0.5374812593703149 0.028 0.022488755622188904
2 0.96 0.5007496251874063 0.024 0.0239880059970015
2 0.121 0.5727136431784108 0.046 0.038980509745127435
2 0.043000000000000003 0.5869565217391304 0.054 0.034482758620689655
2 0.093 0.5509745127436282 0.03 0.02848575712143928
2 0.06 0.5562218890554722 0.032 0.026986506746626684
2 0.024 0.5562218890554722 0.044 0.026986506746626684
2 0.2 0.54047976011994 0.032 0.022488755622188904
2 0.242 0.5344827586206896 0.032 0.022488755622188904
