2 0.05611390284757119 0.14666666666666667 0.05527638190954774 0.15333333333333335
2 0.21440536013400335 0.14666666666666667 0.05360134003350084 0.16
2 0.3835845896147404 0.14833333333333334 0.06030150753768844 0.15666666666666668
2 0.5577889447236181 0.15333333333333335 0.06030150753768844 0.14666666666666667
2 0.7361809045226131 0.15000000000000002 0.05527638190954774 0.16
2 0.9061976549413735 0.14500000000000002 0.05360134003350084 0.14333333333333334
2 0.9137353433835846 0.65 0.051926298157453935 0.14666666666666667
2 0.7227805695142379 0.65 0.06867671691792294 0.18666666666666668
2 0.5209380234505863 0.6516666666666667 0.06030150753768844 0.14333333333333334
2 0.37269681742043553 0.65 0.06197654941373534 0.16
2 0.21105527638190955 0.6516666666666667 0.06030150753768844 0.17
2 0.06867671691792294 0.6666666666666667 0.05360134003350084 0.15333333333333335
