2 0.066 0.14754098360655737 0.07200000000000001 0.16393442622950818
2 0.262 0.14918032786885246 0.076 0.16065573770491803
2 0.466 0.14590163934426228 0.07200000000000001 0.1540983606557377
2 0.674 0.1540983606557377 0.076 0.15737704918032785
2 0.893 0.14918032786885246 0.07 0.14754098360655737
2 0.877 0.6442622950819672 0.082 0.16721311475409836
2 0.632 0.6557377049180327 0.07200000000000001 0.15737704918032785
2 0.452 0.6508196721311476 0.07200000000000001 0.16065573770491803
2 0.254 0.6442622950819672 0.07200000000000001 0.16065573770491803
2 0.084 0.6737704918032786 0.068 0.14754098360655737
