2 0.1337890625 0.4178885630498534 0.138671875 0.3548387096774194
2 0.2333984375 0.44281524926686217 0.099609375 0.26392961876832843
2 0.3037109375 0.48533724340175954 0.052734375 0.17888563049853373
2 0.33984375 0.4780058651026393 0.04296875 0.16422287390029325
2 0.3798828125 0.4809384164222874 0.044921875 0.15249266862170088
2 0.408203125 0.48826979472140764 0.02734375 0.12609970674486803
2 0.46875 0.47653958944281527 0.02734375 0.07331378299120235
2 0.57421875 0.4633431085043988 0.01953125 0.05278592375366569
2 0.609375 0.4662756598240469 0.04296875 0.093841642228739
2 0.8662109375 0.4442815249266862 0.056640625 0.21994134897360704
2 0.8046875 0.4706744868035191 0.0859375 0.21407624633431085
2 0.7421875 0.47947214076246336 0.03125 0.1495601173020528
2 0.7119140625 0.48533724340175954 0.029296875 0.13196480938416422
2 0.6865234375 0.4736070381231672 0.029296875 0.12023460410557185
