2 0.041666666666666664 0.6900406504065041 0.06147540983606557 0.15243902439024393
2 0.0935792349726776 0.7225609756097562 0.0778688524590164 0.16869918699186995
2 0.1413934426229508 0.8475609756097562 0.15710382513661203 0.28455284552845533
2 0.23565573770491804 0.7245934959349595 0.0942622950819672 0.18495934959349594
2 0.33674863387978143 0.8658536585365855 0.12431693989071038 0.23170731707317074
2 0.40915300546448086 0.7357723577235773 0.08333333333333333 0.1869918699186992
2 0.296448087431694 0.6758130081300814 0.060109289617486336 0.16463414634146342
2 0.3674863387978142 0.5894308943089431 0.03825136612021858 0.0813008130081301
2 0.4426229508196721 0.6178861788617886 0.040983606557377046 0.07723577235772358
2 0.3312841530054645 0.592479674796748 0.03961748633879782 0.06300813008130082
2 0.7069672131147541 0.8414634146341464 0.12158469945355191 0.2601626016260163
2 0.8668032786885246 0.8130081300813009 0.1325136612021858 0.23983739837398377
2 0.9371584699453552 0.7103658536585367 0.05737704918032787 0.12398373983739838
2 0.787568306010929 0.71239837398374 0.08060109289617487 0.10772357723577237
2 0.7479508196721312 0.6402439024390244 0.05327868852459016 0.07723577235772358
2 0.6461748633879781 0.7367886178861789 0.07650273224043716 0.17682926829268295
2 0.7083333333333334 0.6148373983739838 0.04234972677595628 0.06707317073170732
2 0.680327868852459 0.5833333333333334 0.03551912568306011 0.04065040650406505
2 0.7336065573770492 0.5254065040650407 0.03278688524590164 0.030487804878048783
2 0.7739071038251366 0.5863821138211383 0.03961748633879782 0.0467479674796748
2 0.825136612021858 0.5965447154471545 0.05191256830601093 0.0467479674796748
2 0.85724043715847 0.6412601626016261 0.06420765027322405 0.06300813008130082
2 0.9030054644808743 0.6046747967479675 0.060109289617486336 0.06300813008130082
