0 0.7489019033674964 0.54248046875 0.04538799414348463 0.0400390625
0 0.7005856515373353 0.548828125 0.03953147877013177 0.037109375
0 0.6610541727672036 0.53271484375 0.03367496339677892 0.0341796875
0 0.5695461200585652 0.54833984375 0.032210834553440704 0.0341796875
0 0.48975109809663253 0.53857421875 0.03953147877013177 0.0400390625
0 0.12225475841874085 0.408203125 0.08345534407027819 0.0703125
0 0.19472913616398244 0.26318359375 0.06442166910688141 0.0615234375
0 0.24011713030746706 0.16259765625 0.04978038067349927 0.0498046875
0 0.25841874084919475 0.12841796875 0.048316251830161056 0.0439453125
0 0.3096632503660322 0.0712890625 0.05417276720351391 0.044921875
0 0.5175695461200586 0.2294921875 0.024890190336749635 0.02734375
0 0.5505124450951684 0.24267578125 0.02635431918008785 0.0302734375
