0 0.11194029850746269 0.37429775280898875 0.03731343283582089 0.07443820224719101
0 0.1455223880597015 0.3532303370786517 0.05037313432835821 0.0997191011235955
0 0.300839552238806 0.31179775280898875 0.07555970149253731 0.16292134831460675
0 0.36240671641791045 0.410814606741573 0.05317164179104478 0.11095505617977527
0 0.4552238805970149 0.3946629213483146 0.046641791044776115 0.08707865168539325
0 0.5573694029850746 0.3286516853932584 0.07555970149253731 0.16292134831460675
0 0.6571828358208955 0.4178370786516854 0.03451492537313433 0.06882022471910113
0 0.9696828358208955 0.3827247191011236 0.0457089552238806 0.11095505617977527
0 0.9855410447761194 0.2935393258426966 0.028917910447761194 0.20224719101123595
0 0.7770522388059702 0.3560393258426966 0.08395522388059701 0.1643258426966292
