0 0.7796296296296297 0.5104166666666667 0.031481481481481485 0.059722222222222225
0 0.7203703703703704 0.51875 0.031481481481481485 0.051388888888888894
0 0.662962962962963 0.5076388888888889 0.03333333333333333 0.05694444444444444
0 0.5768518518518518 0.4916666666666667 0.03333333333333333 0.05277777777777778
0 0.49074074074074076 0.50625 0.02962962962962963 0.06527777777777778
0 0.524537037037037 0.4395833333333333 0.026851851851851852 0.05694444444444444
0 0.5648148148148149 0.40625 0.024074074074074074 0.051388888888888894
0 0.611574074074074 0.4548611111111111 0.030555555555555558 0.0625
0 0.637962962962963 0.4118055555555556 0.02777777777777778 0.05416666666666667
0 0.6990740740740741 0.38472222222222224 0.031481481481481485 0.05555555555555556
0 0.7236111111111111 0.3027777777777778 0.025 0.04722222222222222
0 0.688425925925926 0.3111111111111111 0.026851851851851852 0.04722222222222222
0 0.6412037037037037 0.2965277777777778 0.025 0.04027777777777778
0 0.6393518518518518 0.3375 0.025 0.04166666666666667
0 0.5907407407407408 0.3715277777777778 0.024074074074074074 0.051388888888888894
0 0.6069444444444445 0.3104166666666667 0.025 0.04861111111111111
0 0.5907407407407408 0.28402777777777777 0.020370370370370372 0.04583333333333334
0 0.5611111111111111 0.3090277777777778 0.024074074074074074 0.04861111111111111
0 0.5476851851851852 0.29305555555555557 0.019444444444444445 0.03888888888888889
0 0.5287037037037037 0.3111111111111111 0.024074074074074074 0.03888888888888889
0 0.5097222222222222 0.3402777777777778 0.021296296296296296 0.04166666666666667
0 0.5268518518518519 0.36875 0.02592592592592593 0.05416666666666667
0 0.48750000000000004 0.39513888888888893 0.030555555555555558 0.05694444444444444
0 0.49074074074074076 0.29097222222222224 0.024074074074074074 0.051388888888888894
0 0.45925925925925926 0.3375 0.024074074074074074 0.03888888888888889
0 0.45787037037037037 0.37986111111111115 0.026851851851851852 0.04861111111111111
0 0.44722222222222224 0.30833333333333335 0.022222222222222223 0.04166666666666667
0 0.45092592592592595 0.46458333333333335 0.031481481481481485 0.04861111111111111
0 0.43194444444444446 0.49930555555555556 0.030555555555555558 0.05694444444444444
0 0.4226851851851852 0.33958333333333335 0.025 0.04861111111111111
0 0.4166666666666667 0.40208333333333335 0.02962962962962963 0.051388888888888894
0 0.4 0.29930555555555555 0.024074074074074074 0.04583333333333334
0 0.3962962962962963 0.375 0.024074074074074074 0.04722222222222222
0 0.36064814814814816 0.3909722222222222 0.025 0.051388888888888894
0 0.3652777777777778 0.4388888888888889 0.030555555555555558 0.05555555555555556
0 0.36435185185185187 0.49097222222222225 0.028703703703703703 0.05694444444444444
0 0.3574074074074074 0.33472222222222225 0.02592592592592593 0.04722222222222222
0 0.36342592592592593 0.29305555555555557 0.02314814814814815 0.036111111111111115
0 0.337037037037037 0.2965277777777778 0.024074074074074074 0.04583333333333334
0 0.31342592592592594 0.29305555555555557 0.025 0.04166666666666667
0 0.25972222222222224 0.28541666666666665 0.025 0.04027777777777778
0 0.28240740740740744 0.33958333333333335 0.024074074074074074 0.04583333333333334
0 0.31527777777777777 0.36458333333333337 0.028703703703703703 0.05416666666666667
0 0.2814814814814815 0.4104166666666667 0.02777777777777778 0.0625
0 0.3013888888888889 0.49583333333333335 0.030555555555555558 0.05277777777777778
0 0.25092592592592594 0.38472222222222224 0.024074074074074074 0.04722222222222222
0 0.2263888888888889 0.3416666666666667 0.025 0.05277777777777778
0 0.2240740740740741 0.4763888888888889 0.02962962962962963 0.05277777777777778
0 0.19814814814814816 0.42291666666666666 0.02777777777777778 0.059722222222222225
0 0.17685185185185187 0.3979166666666667 0.02592592592592593 0.05694444444444444
0 0.15416666666666667 0.4930555555555556 0.03425925925925926 0.05277777777777778
