0 0.2304166666666667 0.6268472906403941 0.01916666666666667 0.03694581280788178
0 0.32625000000000004 0.48645320197044334 0.022500000000000003 0.034482758620689655
0 0.37125 0.5104679802955665 0.01916666666666667 0.0332512315270936
0 0.45833333333333337 0.541256157635468 0.021666666666666667 0.03571428571428571
0 0.4679166666666667 0.6761083743842364 0.020833333333333336 0.03694581280788178
0 0.385 0.7253694581280788 0.021666666666666667 0.034482758620689655
0 0.77625 0.562807881773399 0.01916666666666667 0.03201970443349754
0 0.7466666666666667 0.3793103448275862 0.02 0.03201970443349754
0 0.62375 0.35344827586206895 0.022500000000000003 0.034482758620689655
0 0.8066666666666668 0.4525862068965517 0.018333333333333333 0.038177339901477834
0 0.8858333333333334 0.3626847290640394 0.02 0.0332512315270936
0 0.8612500000000001 0.2789408866995074 0.015833333333333335 0.02832512315270936
0 0.8483333333333334 0.3355911330049261 0.02 0.0332512315270936
0 0.8045833333333334 0.2789408866995074 0.01916666666666667 0.03571428571428571
0 0.7329166666666667 0.23891625615763548 0.01916666666666667 0.029556650246305417
0 0.6787500000000001 0.2019704433497537 0.0175 0.029556650246305417
0 0.6766666666666667 0.1477832512315271 0.016666666666666666 0.029556650246305417
0 0.60375 0.09667487684729065 0.015833333333333335 0.02586206896551724
0 0.49250000000000005 0.09729064039408868 0.018333333333333333 0.03201970443349754
0 0.3766666666666667 0.5960591133004927 0.018333333333333333 0.027093596059113302
0 0.9841666666666667 0.4014778325123153 0.02 0.03694581280788178
