0 0.116875 0.5225140712945591 0.01375 0.043151969981238276
0 0.181875 0.5215759849906192 0.02125 0.0450281425891182
0 0.1975 0.5309568480300187 0.0175 0.0375234521575985
0 0.238125 0.5309568480300187 0.01875 0.0375234521575985
0 0.268125 0.5121951219512195 0.02625 0.04878048780487805
0 0.3025 0.5159474671669794 0.025 0.052532833020637895
0 0.32625 0.5065666041275797 0.0225 0.0450281425891182
0 0.415625 0.5196998123827392 0.02125 0.0450281425891182
0 0.5 0.5 0.0225 0.043151969981238276
0 0.545 0.5131332082551595 0.0275 0.054409005628517824
0 0.573125 0.5037523452157598 0.02125 0.039399624765478425
0 0.624375 0.524390243902439 0.02625 0.05065666041275797
0 0.654375 0.5084427767354597 0.01875 0.0375234521575985
0 0.675 0.5121951219512195 0.0225 0.0450281425891182
0 0.755625 0.5121951219512195 0.02375 0.0450281425891182
0 0.216875 0.525328330206379 0.02625 0.05628517823639775
0 0.359375 0.5140712945590994 0.02625 0.05628517823639775
0 0.45125 0.4971857410881801 0.0325 0.05628517823639775
0 0.480625 0.50093808630394 0.02375 0.04878048780487805
