0 0.22312500000000002 0.3895131086142322 0.07125000000000001 0.149812734082397
0 0.3275 0.3970037453183521 0.0575 0.10486891385767791
0 0.48125 0.38857677902621723 0.0475 0.10299625468164794
0 0.6025 0.36797752808988765 0.055 0.10674157303370786
0 0.6975 0.3661048689138577 0.06 0.11797752808988764
0 0.761875 0.4232209737827715 0.03875 0.07116104868913858
0 0.7993750000000001 0.4054307116104869 0.04125 0.06928838951310862
0 0.8525 0.3960674157303371 0.03 0.05805243445692884
0 0.875625 0.39887640449438205 0.02625 0.056179775280898875
0 0.914375 0.39325842696629215 0.03375 0.0599250936329588
