0 0.9544444444444444 0.29333333333333333 0.09111111111111111 0.30333333333333334
0 0.8938888888888888 0.28583333333333333 0.07888888888888888 0.19833333333333333
0 0.8561111111111112 0.3241666666666667 0.03666666666666667 0.08166666666666667
0 0.7177777777777777 0.2866666666666667 0.07555555555555556 0.15000000000000002
0 0.6794444444444444 0.3616666666666667 0.03 0.07
0 0.6488888888888888 0.33416666666666667 0.03111111111111111 0.065
0 0.5994444444444444 0.3416666666666667 0.03666666666666667 0.06666666666666667
0 0.5438888888888889 0.35000000000000003 0.03666666666666667 0.06666666666666667
0 0.47944444444444445 0.3541666666666667 0.03222222222222222 0.06833333333333334
0 0.44277777777777777 0.39416666666666667 0.034444444444444444 0.065
0 0.4038888888888889 0.3741666666666667 0.04777777777777778 0.10500000000000001
0 0.35388888888888886 0.3191666666666667 0.043333333333333335 0.09166666666666667
0 0.26611111111111113 0.3466666666666667 0.052222222222222225 0.1
0 0.2222222222222222 0.35333333333333333 0.044444444444444446 0.09333333333333334
0 0.17222222222222222 0.3441666666666667 0.04888888888888889 0.10500000000000001
0 0.03944444444444444 0.3516666666666667 0.07666666666666666 0.22333333333333336
0 0.09666666666666666 0.35000000000000003 0.05333333333333333 0.11666666666666667
0 0.32666666666666666 0.3225 0.022222222222222223 0.045000000000000005
