0 0.094375 0.6335227272727273 0.03375 0.0625
0 0.23375 0.45833333333333337 0.025 0.045454545454545456
0 0.58375 0.5018939393939394 0.0225 0.045454545454545456
0 0.62125 0.46401515151515155 0.0175 0.030303030303030304
0 0.659375 0.39962121212121215 0.01625 0.030303030303030304
0 0.696875 0.32954545454545453 0.01375 0.026515151515151516
0 0.75125 0.46780303030303033 0.02 0.03787878787878788
0 0.7025 0.6619318181818182 0.0225 0.04734848484848485
0 0.73625 0.7395833333333334 0.04 0.08522727272727273
0 0.65375 0.7092803030303031 0.04 0.07007575757575758
