0 0.849609375 0.43923865300146414 0.060546875 0.1054172767203514
0 0.7666015625 0.48096632503660325 0.048828125 0.08345534407027819
0 0.65576171875 0.4912152269399707 0.0400390625 0.0746705710102489
0 0.623046875 0.4934114202049781 0.041015625 0.07613469985358712
0 0.4912109375 0.5021961932650073 0.04296875 0.07320644216691069
0 0.349609375 0.5051244509516838 0.037109375 0.06734992679355783
0 0.1845703125 0.4978038067349927 0.044921875 0.0849194729136164
0 0.32421875 0.5051244509516838 0.03125 0.05856515373352855
0 0.0771484375 0.5043923865300146 0.037109375 0.08052708638360176
0 0.037109375 0.5190336749633968 0.044921875 0.0746705710102489
