0 0.24588086185044358 0.752851711026616 0.10899873257287705 0.19011406844106463
0 0.12484157160963244 0.7442965779467681 0.10773130544993662 0.21102661596958175
0 0.06463878326996197 0.905893536121673 0.10392902408111533 0.17680608365019013
0 0.055133079847908745 0.5826996197718631 0.09759188846641317 0.1844106463878327
0 0.35171102661596954 0.6549429657794676 0.1026615969581749 0.188212927756654
0 0.4347275031685678 0.5503802281368821 0.09885931558935361 0.188212927756654
0 0.5367553865652724 0.5247148288973384 0.1026615969581749 0.19011406844106463
0 0.6577946768060836 0.32984790874524716 0.10899873257287705 0.1958174904942966
0 0.7427122940430925 0.3032319391634981 0.08871989860583016 0.16920152091254753
0 0.8288973384030418 0.21102661596958175 0.09632446134347275 0.18250950570342206
0 0.9302915082382762 0.4847908745247148 0.10392902408111533 0.17870722433460076
0 0.8808618504435994 0.1359315589353612 0.08871989860583016 0.14638783269961977
0 0.8155893536121672 0.5133079847908745 0.11280101394169835 0.19011406844106463
0 0.6546261089987325 0.6653992395437263 0.12547528517110265 0.19391634980988592
0 0.9638783269961977 0.8422053231939164 0.07224334600760456 0.21292775665399238
0 0.8219264892268694 0.9220532319391634 0.13814955640050697 0.155893536121673
0 0.49176172370088717 0.9239543726235742 0.10899873257287705 0.1520912547528517
0 0.5063371356147022 0.8060836501901141 0.11787072243346007 0.17870722433460076
0 0.9645120405576679 0.16159695817490494 0.07097591888466413 0.1596958174904943
