0 0.19323979591836735 0.2987882653061224 0.06420068027210885 0.1256377551020408
0 0.2423469387755102 0.29177295918367346 0.05612244897959184 0.13456632653061223
0 0.2861394557823129 0.27200255102040816 0.05612244897959184 0.12308673469387754
0 0.32610544217687076 0.2799744897959183 0.04251700680272109 0.08928571428571427
0 0.34523809523809523 0.3313137755102041 0.055272108843537414 0.09885204081632652
0 0.38499149659863946 0.31154336734693877 0.036989795918367346 0.09247448979591837
0 0.47576530612244894 0.24107142857142855 0.057823129251700675 0.09438775510204081
0 0.5469812925170068 0.2885841836734694 0.05144557823129251 0.10267857142857142
0 0.581845238095238 0.2790178571428571 0.036139455782312924 0.09119897959183673
0 0.672406462585034 0.3019770408163265 0.050595238095238096 0.10012755102040816
0 0.7159863945578231 0.3022959183673469 0.04591836734693877 0.1058673469387755
0 0.7568027210884354 0.289859693877551 0.03571428571428571 0.09502551020408162
0 0.7927295918367346 0.2857142857142857 0.04889455782312925 0.10331632653061223
0 0.845875850340136 0.2860331632653061 0.06335034013605442 0.11160714285714285
0 0.6139455782312925 0.27359693877551017 0.011904761904761904 0.026785714285714284
0 0.9158163265306122 0.29081632653061223 0.013605442176870748 0.02551020408163265
0 0.9800170068027211 0.2818877551020408 0.014455782312925169 0.02423469387755102
