0 0.9127777777777778 0.5441666666666667 0.09222222222222222 0.14833333333333334
0 0.7027777777777777 0.6683333333333333 0.1988888888888889 0.41000000000000003
0 0.5783333333333334 0.6641666666666667 0.11444444444444445 0.265
0 0.3333333333333333 0.5983333333333334 0.08 0.16666666666666669
0 0.235 0.635 0.0811111111111111 0.1366666666666667
0 0.04777777777777778 0.5766666666666667 0.09333333333333334 0.17333333333333334
0 0.6844444444444444 0.43000000000000005 0.03333333333333333 0.060000000000000005
0 0.5994444444444444 0.47250000000000003 0.08555555555555555 0.14166666666666666
0 0.5411111111111111 0.48833333333333334 0.05333333333333333 0.12333333333333334
0 0.4988888888888889 0.4708333333333334 0.051111111111111114 0.09833333333333334
0 0.4033333333333333 0.5241666666666667 0.06 0.10833333333333334
0 0.46055555555555555 0.43333333333333335 0.03888888888888889 0.06333333333333334
0 0.21666666666666667 0.5208333333333334 0.06 0.10166666666666667
0 0.3572222222222222 0.48333333333333334 0.052222222222222225 0.07666666666666667
0 0.445 0.49500000000000005 0.04777777777777778 0.08333333333333334
0 0.7644444444444445 0.43750000000000006 0.07111111111111111 0.11833333333333335
0 0.8783333333333333 0.45 0.058888888888888886 0.10333333333333335
