0 0.124375 0.8780487804878049 0.09125 0.14634146341463414
0 0.240625 0.6294559099437148 0.07625 0.11444652908067542
0 0.359375 0.9352720450281425 0.08875 0.1294559099437148
0 0.733125 0.39118198874296434 0.05625 0.09568480300187618
0 0.8025 0.4090056285178236 0.0525 0.10131332082551595
0 0.650625 0.624765478424015 0.06875 0.11632270168855535
0 0.59375 0.24202626641651032 0.0475 0.0825515947467167
0 0.49312500000000004 0.6388367729831145 0.07125000000000001 0.11819887429643527
0 0.41875 0.5600375234521576 0.0725 0.11444652908067542
0 0.8356250000000001 0.6660412757973734 0.06875 0.1125703564727955
0 0.8125 0.7645403377110694 0.0825 0.1294559099437148
