0 0.20273437500000002 0.474025974025974 0.04609375 0.08146399055489964
0 0.41718750000000004 0.43624557260920893 0.0546875 0.11452184179456906
0 0.734375 0.43388429752066116 0.037500000000000006 0.06493506493506493
0 0.6960937500000001 0.45926800472255014 0.034375 0.051948051948051945
0 0.5730468750000001 0.4598583234946871 0.02890625 0.05548996458087367
0 0.596875 0.47107438016528924 0.018750000000000003 0.0448642266824085
0 0.923046875 0.4244391971664699 0.06015625 0.1050767414403778
0 0.8777343750000001 0.4421487603305785 0.041406250000000006 0.0743801652892562
0 0.6644531250000001 0.43211334120425027 0.03828125 0.08028335301062574
0 0.62109375 0.44037780401416765 0.05 0.09917355371900825
0 0.260546875 0.47933884297520657 0.06015625 0.10153482880755607
0 0.8203125 0.4002361275088548 0.0703125 0.12278630460448642
