0 0.08875 0.4812382739212008 0.0425 0.06941838649155722
0 0.385 0.50093808630394 0.0325 0.07129455909943715
0 0.7425 0.5834896810506567 0.0375 0.0600375234521576
0 0.83375 0.5703564727954972 0.035 0.0675422138836773
0 0.02875 0.7917448405253283 0.055 0.1425891181988743
0 0.07625 0.7439024390243902 0.075 0.1294559099437148
0 0.12687500000000002 0.6669793621013134 0.058750000000000004 0.09943714821763602
0 0.12625 0.8714821763602252 0.1075 0.15947467166979362
0 0.1975 0.7157598499061913 0.065 0.11444652908067542
0 0.255 0.6772983114446529 0.055 0.0900562851782364
0 0.245 0.8048780487804879 0.0775 0.1275797373358349
0 0.310625 0.6604127579737336 0.04875 0.0825515947467167
0 0.318125 0.8771106941838649 0.10375000000000001 0.13320825515947468
0 0.36375 0.7223264540337712 0.0575 0.10506566604127579
0 0.400625 0.773921200750469 0.07875 0.12570356472795496
0 0.415625 0.6435272045028143 0.04125 0.075046904315197
0 0.511875 0.6932457786116323 0.051250000000000004 0.09943714821763602
0 0.5575 0.848968105065666 0.09 0.14446529080675422
0 0.495 0.9071294559099438 0.1275 0.18574108818011256
0 0.56 0.6641651031894934 0.05 0.07879924953095685
0 0.579375 0.7439024390243902 0.05625 0.09193245778611632
0 0.640625 0.7570356472795498 0.07625 0.14071294559099437
0 0.68375 0.6547842401500938 0.0475 0.0825515947467167
0 0.798125 0.6641651031894934 0.04875 0.08630393996247655
0 0.8612500000000001 0.7166979362101313 0.065 0.09380863039399624
0 0.910625 0.648217636022514 0.058750000000000004 0.10318949343339587
0 0.75125 0.8480300187617261 0.105 0.1726078799249531
0 0.81625 0.8095684803001876 0.075 0.11444652908067542
0 0.9656250000000001 0.7345215759849906 0.06875 0.1294559099437148
0 0.9762500000000001 0.8536585365853658 0.0475 0.17636022514071295
