0 0.04609375 0.537780401416765 0.05625 0.0885478158205431
0 0.39296875000000003 0.5472255017709563 0.026562500000000003 0.050767414403778036
0 0.5765625 0.5661157024793388 0.025 0.04604486422668241
0 0.6488281250000001 0.5708382526564344 0.025781250000000002 0.04604486422668241
0 0.665625 0.5537190082644627 0.026562500000000003 0.0448642266824085
0 0.48671875000000003 0.5613931523022432 0.028125 0.04604486422668241
0 0.35859375000000004 0.5608028335301062 0.028125 0.04958677685950413
0 0.310546875 0.5271546635182999 0.039843750000000004 0.0602125147579693
0 0.271484375 0.5796930342384887 0.02734375 0.0448642266824085
0 0.21953125 0.5608028335301062 0.034375 0.05430932703659976
0 0.17539062500000002 0.5944510035419126 0.014843750000000001 0.02715466351829988
0 0.4578125 0.5749704840613932 0.021875000000000002 0.03778040141676505
