0 0.17208333333333334 0.30074074074074075 0.10583333333333333 0.24296296296296296
0 0.3354166666666667 0.25555555555555554 0.08916666666666667 0.22666666666666666
0 0.4941666666666667 0.2333333333333333 0.08833333333333333 0.22666666666666666
0 0.61 0.257037037037037 0.09166666666666667 0.21777777777777776
0 0.7795833333333334 0.21037037037037035 0.09916666666666667 0.2311111111111111
0 0.8954166666666667 0.2985185185185185 0.06416666666666668 0.13777777777777778
0 0.11208333333333334 0.3622222222222222 0.015833333333333335 0.03407407407407407
0 0.058750000000000004 0.36148148148148146 0.014166666666666668 0.03259259259259259
0 0.005833333333333334 0.3748148148148148 0.013333333333333334 0.03259259259259259
0 0.07291666666666667 0.3607407407407407 0.014166666666666668 0.028148148148148148
