0 0.7375 0.6546875 0.0125 0.017708333333333333
0 0.70234375 0.6661458333333333 0.0125 0.019791666666666666
0 0.7035156250000001 0.7067708333333333 0.013281250000000001 0.019791666666666666
0 0.7835937500000001 0.64375 0.0125 0.01875
0 0.804296875 0.6380208333333334 0.01171875 0.017708333333333333
0 0.83984375 0.6203125 0.0125 0.019791666666666666
0 0.8777343750000001 0.6192708333333333 0.01171875 0.017708333333333333
0 0.07382812500000001 0.7973958333333333 0.01640625 0.026041666666666668
0 0.869140625 0.18697916666666667 0.00859375 0.013541666666666667
0 0.943359375 0.2661458333333333 0.00859375 0.013541666666666667
0 0.9617187500000001 0.27239583333333334 0.009375000000000001 0.013541666666666667
0 0.9953125 0.3 0.009375000000000001 0.016666666666666666
0 0.6980468750000001 0.21979166666666666 0.00859375 0.014583333333333334
0 0.6863281250000001 0.23124999999999998 0.00703125 0.0125
