0 0.9577396373056996 0.3022859922178988 0.07610103626943006 0.17850194552529183
0 0.8931347150259068 0.313715953307393 0.06865284974093265 0.18093385214007782
0 0.8267487046632125 0.24221789883268482 0.0744818652849741 0.16245136186770429
0 0.7593911917098446 0.2704280155642023 0.06152849740932643 0.15175097276264593
0 0.5960168393782384 0.27237354085603116 0.08257772020725389 0.15272373540856032
0 0.6280764248704663 0.22592412451361868 0.05667098445595855 0.12110894941634241
0 0.5204015544041452 0.2592412451361868 0.06930051813471502 0.1605058365758755
0 0.4834844559585492 0.2230058365758755 0.05505181347150259 0.14056420233463035
0 0.34099740932642486 0.24513618677042803 0.06088082901554404 0.14396887159533073
0 0.274449481865285 0.20087548638132297 0.07739637305699482 0.14785992217898833
0 0.21275906735751296 0.24100194552529183 0.06023316062176166 0.1288910505836576
0 0.14944948186528498 0.2191147859922179 0.05408031088082902 0.10749027237354086
0 0.07480569948186529 0.22859922178988326 0.06347150259067358 0.1245136186770428
