0 0.38722554890219557 0.37700534759358284 0.06586826347305388 0.10962566844919786
0 0.5339321357285429 0.3957219251336898 0.07984031936127745 0.13636363636363635
0 0.5938123752495009 0.3335561497326203 0.05389221556886227 0.09759358288770052
0 0.6442115768463074 0.27740641711229946 0.03093812375249501 0.06016042780748663
0 0.4520958083832335 0.2981283422459893 0.02994011976047904 0.04545454545454545
0 0.4730538922155688 0.28409090909090906 0.02395209580838323 0.03609625668449198
0 0.21207584830339318 0.32954545454545453 0.03493013972055888 0.05481283422459893
0 0.21556886227544908 0.29879679144385024 0.0279441117764471 0.04144385026737968
0 0.14720558882235527 0.32687165775401067 0.046906187624750496 0.06818181818181818
0 0.7634730538922155 0.30213903743315507 0.049900199600798396 0.07219251336898395
0 0.344311377245509 0.2981283422459893 0.04391217564870259 0.06149732620320855
0 0.2989021956087824 0.285427807486631 0.03093812375249501 0.044117647058823525
0 0.5184630738522954 0.2927807486631016 0.024950099800399198 0.040106951871657755
