0 0.3138095238095238 0.42950581395348836 0.12095238095238095 0.23401162790697674
0 0.7490476190476191 0.20857558139534885 0.1419047619047619 0.23401162790697674
0 0.42904761904761907 0.11918604651162791 0.023809523809523808 0.0377906976744186
0 0.07095238095238095 0.279796511627907 0.012380952380952381 0.024709302325581394
0 0.04047619047619048 0.2638081395348837 0.010476190476190476 0.02180232558139535
0 0.04476190476190476 0.3270348837209302 0.01904761904761905 0.029069767441860465
0 0.06142857142857143 0.26744186046511625 0.010476190476190476 0.020348837209302327
0 0.12476190476190477 0.24273255813953487 0.02095238095238095 0.03488372093023256
0 0.2261904761904762 0.20348837209302326 0.025714285714285714 0.046511627906976744
0 0.1819047619047619 0.22165697674418605 0.009523809523809525 0.015988372093023256
