0 0.08208333333333334 0.6700125470514429 0.029166666666666667 0.05269761606022584
0 0.18416666666666667 0.6455457967377666 0.021666666666666667 0.03889585947302383
0 0.4029166666666667 0.7377666248431618 0.03916666666666667 0.07026348808030113
0 0.043333333333333335 0.6844416562107905 0.03666666666666667 0.0589711417816813
0 0.16958333333333334 0.6969887076537014 0.0275 0.04642409033877039
0 0.27166666666666667 0.6957340025094102 0.03166666666666667 0.05646173149309912
0 0.32625000000000004 0.651819322459222 0.022500000000000003 0.03638644918444165
0 0.31 0.5664993726474278 0.016666666666666666 0.02634880803011292
0 0.44875000000000004 0.713927227101631 0.03416666666666667 0.05520702634880802
0 0.4991666666666667 0.6097867001254704 0.023333333333333334 0.037641154328732745
0 0.5416666666666667 0.5859473023839398 0.018333333333333333 0.03262233375156838
0 0.6041666666666667 0.5646173149309912 0.018333333333333333 0.03262233375156838
0 0.5883333333333334 0.6900878293601004 0.035 0.060225846925972396
0 0.6495833333333334 0.6750313676286073 0.029166666666666667 0.047678795483061476
0 0.7783333333333334 0.7258469259723964 0.023333333333333334 0.04893350062735257
0 0.795 0.7045169385194479 0.03166666666666667 0.06398996235884567
0 0.925 0.6700125470514429 0.03666666666666667 0.06775407779171894
