0 0.14416666666666667 0.320625 0.065 0.06125
0 0.28750000000000003 0.30875 0.04833333333333334 0.0525
0 0.35500000000000004 0.31 0.05666666666666667 0.0575
0 0.405 0.32125 0.043333333333333335 0.0475
0 0.56 0.318125 0.03666666666666667 0.051250000000000004
0 0.5933333333333334 0.31125 0.05333333333333334 0.0475
0 0.645 0.310625 0.05 0.05625
0 0.4866666666666667 0.29875 0.05333333333333334 0.0575
0 0.7275 0.276875 0.14166666666666666 0.13875
0 0.8300000000000001 0.283125 0.06333333333333334 0.08875
0 0.8975000000000001 0.26625 0.10166666666666667 0.0925
