0 0.37371735074626866 0.5663623595505618 0.03801305970149254 0.07724719101123595
0 0.3970382462686567 0.5654845505617977 0.017024253731343284 0.05442415730337079
0 0.46222014925373134 0.5363412921348314 0.04337686567164179 0.08672752808988764
0 0.49731809701492535 0.5684691011235955 0.02775186567164179 0.05196629213483146
0 0.5593516791044776 0.5779494382022472 0.03148320895522388 0.06671348314606741
0 0.6236007462686567 0.574438202247191 0.03544776119402985 0.0702247191011236
0 0.6479710820895522 0.5667134831460674 0.02681902985074627 0.0625
0 0.7232975746268656 0.5876053370786517 0.014225746268656716 0.025632022471910113
0 0.7462686567164178 0.5948033707865168 0.01632462686567164 0.033707865168539325
0 0.7999067164179104 0.5832162921348314 0.010727611940298507 0.01896067415730337
0 0.8322061567164178 0.5981390449438202 0.01142723880597015 0.020014044943820225
0 0.8221781716417911 0.5865519662921348 0.004430970149253731 0.011587078651685394
0 0.8456156716417911 0.6039325842696629 0.0046641791044776115 0.008426966292134831
0 0.8892257462686567 0.5877808988764045 0.005597014925373134 0.010533707865168539
0 0.8551772388059702 0.5923455056179775 0.0065298507462686565 0.009129213483146067
0 0.9035680970149254 0.5865519662921348 0.006763059701492537 0.011587078651685394
