0 0.7593333333333333 0.624 0.036 0.034
0 0.8019999999999999 0.6395000000000001 0.04133333333333333 0.043000000000000003
0 0.774 0.7255 0.04666666666666666 0.041
0 0.6373333333333333 0.705 0.042666666666666665 0.036000000000000004
0 0.4693333333333333 0.6275000000000001 0.026666666666666665 0.021
0 0.35866666666666663 0.687 0.03733333333333333 0.032
0 0.15066666666666667 0.638 0.029333333333333333 0.026000000000000002
0 0.08866666666666666 0.635 0.025333333333333333 0.02
0 0.056666666666666664 0.641 0.025333333333333333 0.02
0 0.2886666666666667 0.653 0.04133333333333333 0.034
