0 0.08168316831683169 0.22031662269129287 0.030693069306930693 0.044854881266490766
0 0.1589108910891089 0.22955145118733508 0.012871287128712872 0.021108179419525065
0 0.1782178217821782 0.28562005277044855 0.017821782178217824 0.022427440633245383
0 0.3 0.2671503957783641 0.015841584158415842 0.022427440633245383
0 0.19603960396039605 0.2150395778364116 0.017821782178217824 0.023746701846965697
0 0.4153465346534653 0.22889182058047491 0.016831683168316833 0.025065963060686015
0 0.5886138613861386 0.22031662269129287 0.012871287128712872 0.018469656992084433
0 0.6178217821782178 0.22889182058047491 0.015841584158415842 0.022427440633245383
0 0.654950495049505 0.220976253298153 0.012871287128712872 0.019788918205804747
0 0.6945544554455446 0.2387862796833773 0.040594059405940595 0.0633245382585752
