0 0.0825 0.254375 0.06 0.08125
0 0.17875 0.255 0.05 0.0725
0 0.23375 0.26 0.045 0.0675
0 0.28875 0.28625 0.0475 0.06
0 0.38 0.299375 0.0425 0.058750000000000004
0 0.39625 0.255 0.0375 0.0525
0 0.455 0.279375 0.04 0.06125
0 0.424375 0.433125 0.05375 0.07625
0 0.534375 0.463125 0.051250000000000004 0.06875
0 0.558125 0.28125 0.03875 0.0525
0 0.594375 0.2775 0.03375 0.0575
0 0.63625 0.27 0.045 0.0675
0 0.771875 0.284375 0.04125 0.06375
0 0.969375 0.28625 0.04625 0.0575
0 0.739375 0.389375 0.04875 0.07125000000000001
0 0.283125 0.409375 0.051250000000000004 0.08375
0 0.596875 0.431875 0.05375 0.08125
0 0.716875 0.448125 0.06375 0.08375
0 0.7275 0.265625 0.035 0.05625
0 0.8225 0.27 0.0425 0.05
0 0.98375 0.3325 0.0325 0.0725
