0 0.15292096219931273 0.3741976893453145 0.04925544100801833 0.07317073170731707
0 0.24856815578465064 0.3870346598202824 0.059564719358533795 0.10141206675224647
0 0.33906071019473083 0.36585365853658536 0.06643757159221077 0.0821566110397946
0 0.4054982817869416 0.3600770218228498 0.03665521191294387 0.050064184852374835
0 0.4742268041237114 0.3979460847240051 0.04352806414662085 0.06418485237483953
0 0.5223367697594502 0.3716302952503209 0.057273768613974804 0.08857509627727855
0 0.5595647193585338 0.38639281129653397 0.021764032073310426 0.06675224646983312
0 0.579610538373425 0.37869062901155326 0.03436426116838488 0.056482670089858786
0 0.6821305841924399 0.4056482670089859 0.051546391752577324 0.08729139922978177
0 0.7571592210767469 0.39730423620025673 0.041237113402061855 0.08087291399229782
0 0.7096219931271478 0.3440308087291399 0.04009163802978236 0.05905006418485237
0 0.8064146620847652 0.413992297817715 0.059564719358533795 0.09370988446726572
0 0.28465063001145474 0.3870346598202824 0.024054982817869417 0.06290115532734274
0 0.19931271477663232 0.38061617458279845 0.050400916380297825 0.08344030808729139
0 0.4495990836197022 0.3780487804878048 0.033218785796105384 0.06290115532734274
