0 0.4575 0.6120527306967984 0.0675 0.1318267419962335
0 0.139375 0.2815442561205273 0.06375 0.11487758945386063
0 0.23875000000000002 0.2768361581920904 0.0425 0.0903954802259887
0 0.29625 0.288135593220339 0.0375 0.07156308851224105
0 0.36375 0.2777777777777778 0.0275 0.0583804143126177
0 0.40625 0.2693032015065913 0.0425 0.0903954802259887
0 0.465 0.2806026365348399 0.04 0.08286252354048963
0 0.52375 0.25706214689265533 0.0425 0.09981167608286252
0 0.666875 0.2627118644067796 0.02375 0.0583804143126177
0 0.693125 0.2617702448210923 0.04125 0.0903954802259887
0 0.77625 0.2702448210922787 0.05 0.09227871939736346
0 0.83625 0.23446327683615817 0.0625 0.11487758945386063
0 0.9500000000000001 0.2231638418079096 0.0675 0.1337099811676083
0 0.61 0.243879472693032 0.0475 0.09981167608286252
0 0.0175 0.2674199623352166 0.035 0.09792843691148775
