0 0.10859375 0.11971830985915494 0.045312500000000006 0.048513302034428794
0 0.19257812500000002 0.09820031298904539 0.041406250000000006 0.04929577464788733
0 0.32343750000000004 0.11854460093896714 0.015625 0.017996870109546165
0 0.3515625 0.11737089201877934 0.0171875 0.020344287949921755
0 0.37148437500000003 0.07472613458528951 0.01640625 0.017996870109546165
0 0.41054687500000003 0.0825508607198748 0.01640625 0.02112676056338028
0 0.45234375000000004 0.09233176838810642 0.0140625 0.018779342723004695
0 0.8835937500000001 0.12167449139280126 0.059375000000000004 0.06964006259780908
0 0.78671875 0.12363067292644758 0.026562500000000003 0.048513302034428794
0 0.73984375 0.3591549295774648 0.0890625 0.06259780907668232
0 0.353515625 0.5453834115805947 0.01171875 0.012519561815336464
0 0.31328125 0.52660406885759 0.010937500000000001 0.012519561815336464
0 0.41835937500000003 0.5301251956181534 0.01015625 0.008607198748043818
0 0.25429687500000003 0.7738654147104852 0.030468750000000003 0.03129890453834116
0 0.32148437500000004 0.7480438184663537 0.03671875 0.050078247261345854
0 0.303515625 0.7339593114241002 0.030468750000000003 0.04538341158059468
0 0.3671875 0.7496087636932708 0.065625 0.08294209702660407
0 0.16875 0.7797339593114241 0.045312500000000006 0.03834115805946792
0 0.696484375 0.7460876369327074 0.01953125 0.02112676056338028
0 0.70625 0.7574334898278561 0.026562500000000003 0.025039123630672927
0 0.7203125 0.784037558685446 0.029687500000000002 0.0297339593114241
0 0.766796875 0.7449139280125195 0.022656250000000003 0.026604068857589987
0 0.7660156250000001 0.8215962441314554 0.025781250000000002 0.0297339593114241
0 0.794140625 0.7104851330203443 0.03359375 0.03599374021909233
0 0.7507812500000001 0.9237089201877935 0.021875000000000002 0.027386541471048513
0 0.92578125 0.7687793427230047 0.0203125 0.02269170579029734
