0 0.9684684684684685 0.4738955823293172 0.06306306306306306 0.1325301204819277
0 0.8975225225225225 0.5010040160642569 0.05405405405405406 0.1144578313253012
0 0.8727477477477478 0.4578313253012048 0.038288288288288286 0.09236947791164658
0 0.8096846846846847 0.49297188755020077 0.0518018018018018 0.12248995983935741
0 0.7623873873873874 0.5070281124497992 0.04504504504504504 0.09437751004016064
0 0.5934684684684685 0.465863453815261 0.04279279279279279 0.10441767068273092
0 0.5551801801801802 0.4809236947791164 0.038288288288288286 0.0823293172690763
0 0.5771396396396397 0.5471887550200802 0.04617117117117117 0.11044176706827308
0 0.4769144144144144 0.5421686746987951 0.05067567567567568 0.12048192771084336
0 0.4588963963963964 0.47791164658634533 0.037162162162162164 0.08835341365461846
0 0.42342342342342343 0.5200803212851405 0.04279279279279279 0.10843373493975902
0 0.37274774774774777 0.536144578313253 0.04954954954954955 0.12449799196787148
0 0.3136261261261261 0.4638554216867469 0.04617117117117117 0.10843373493975902
0 0.21058558558558557 0.5010040160642569 0.05630630630630631 0.1184738955823293
0 0.15596846846846846 0.5170682730923695 0.04842342342342342 0.1144578313253012
0 0.11317567567567567 0.5281124497991967 0.05292792792792793 0.12449799196787148
0 0.07207207207207207 0.5050200803212851 0.04054054054054054 0.09839357429718874
0 0.04054054054054054 0.502008032128514 0.04504504504504504 0.10441767068273092
0 0.013513513513513514 0.5240963855421686 0.024774774774774775 0.1325301204819277
0 0.2916666666666667 0.4869477911646586 0.024774774774774775 0.07028112449799197
0 0.6751126126126126 0.48995983935742965 0.05292792792792793 0.12048192771084336
