0 0.028125 0.7150943396226415 0.02125 0.033962264150943396
0 0.05375 0.7594339622641509 0.0175 0.024528301886792454
0 0.20750000000000002 0.710377358490566 0.015 0.024528301886792454
0 0.23 0.7018867924528301 0.015 0.022641509433962266
0 0.258125 0.7075471698113207 0.01375 0.026415094339622643
0 0.27125 0.7037735849056603 0.0125 0.022641509433962266
0 0.27375 0.6811320754716981 0.01 0.01509433962264151
0 0.289375 0.6773584905660377 0.00875 0.011320754716981133
0 0.324375 0.6915094339622642 0.01125 0.016981132075471698
0 0.34375 0.6877358490566038 0.01 0.013207547169811321
0 0.41250000000000003 0.7 0.015 0.022641509433962266
0 0.4 0.6924528301886792 0.0075 0.011320754716981133
0 0.53625 0.690566037735849 0.01 0.022641509433962266
0 0.56125 0.7066037735849057 0.0125 0.020754716981132074
0 0.5925 0.6981132075471698 0.01 0.022641509433962266
0 0.6075 0.6933962264150944 0.0125 0.020754716981132074
0 0.638125 0.6990566037735849 0.01125 0.024528301886792454
0 0.668125 0.7018867924528301 0.01375 0.026415094339622643
0 0.526875 0.6981132075471698 0.01375 0.026415094339622643
0 0.58125 0.6971698113207547 0.0175 0.035849056603773584
0 0.609375 0.710377358490566 0.01375 0.02830188679245283
0 0.6225 0.7084905660377359 0.015 0.02830188679245283
0 0.6531250000000001 0.6981132075471698 0.01375 0.022641509433962266
0 0.688125 0.7047169811320755 0.01375 0.024528301886792454
0 0.71875 0.6952830188679245 0.0175 0.03207547169811321
0 0.7312500000000001 0.6867924528301886 0.01 0.018867924528301886
0 0.743125 0.6915094339622642 0.01375 0.020754716981132074
0 0.791875 0.6783018867924528 0.01125 0.024528301886792454
0 0.8043750000000001 0.690566037735849 0.01625 0.03018867924528302
0 0.83375 0.7075471698113207 0.015 0.022641509433962266
0 0.860625 0.6943396226415094 0.01875 0.03773584905660377
0 0.8768750000000001 0.7056603773584905 0.01125 0.033962264150943396
0 0.89375 0.7 0.025 0.04528301886792453
0 0.995 0.6820754716981132 0.01 0.035849056603773584
