0 0.722739981360671 0.26796875000000003 0.0717614165890028 0.1390625
0 0.6416589002795899 0.21796875000000002 0.05871388630009319 0.1390625
0 0.18779123951537743 0.25703125 0.04939422180801491 0.1296875
0 0.0782851817334576 0.25 0.020503261882572225 0.043750000000000004
0 0.5890027958993476 0.24140625000000002 0.0391425908667288 0.09531250000000001
0 0.5223671947809879 0.20078125000000002 0.05498602050326188 0.1171875
0 0.4450139794967381 0.24531250000000002 0.05125815470643057 0.12812500000000002
0 0.3918918918918919 0.23359375000000002 0.04380242311276794 0.1171875
0 0.34156570363466915 0.24453125 0.04193849021435228 0.1046875
0 0.22693383038210624 0.2578125 0.03075489282385834 0.06875
0 0.146784715750233 0.23671875 0.021435228331780055 0.0484375
0 0.1211556383970177 0.246875 0.020503261882572225 0.040625
0 0.01537744641192917 0.26328125 0.0195712954333644 0.0390625
0 0.0521901211556384 0.25234375000000003 0.016775396085740912 0.0390625
0 0.09179869524697111 0.24375000000000002 0.015843429636533086 0.040625
0 0.9296365330848089 0.22890625 0.032618825722273995 0.07968750000000001
