0 0.8406250000000001 0.7025 0.03375 0.05166666666666667
0 0.69375 0.7591666666666668 0.035 0.04833333333333334
0 0.62125 0.7066666666666667 0.045 0.06333333333333334
0 0.5875 0.6783333333333333 0.015 0.03666666666666667
0 0.604375 0.6758333333333334 0.02625 0.04833333333333334
0 0.516875 0.6891666666666667 0.03125 0.045000000000000005
0 0.494375 0.6825 0.02125 0.045000000000000005
0 0.41000000000000003 0.6783333333333333 0.0325 0.04666666666666667
0 0.3425 0.6666666666666667 0.035 0.060000000000000005
0 0.284375 0.6608333333333334 0.02875 0.05166666666666667
0 0.2575 0.6491666666666667 0.025 0.04166666666666667
0 0.179375 0.6533333333333333 0.02375 0.04
0 0.125 0.645 0.03 0.043333333333333335
0 0.01625 0.6341666666666667 0.0275 0.03833333333333334
