0 0.16239669421487604 0.6965859030837005 0.032231404958677684 0.045154185022026436
0 0.31694214876033056 0.710352422907489 0.02396694214876033 0.03524229074889868
0 0.3603305785123967 0.7075991189427313 0.011570247933884297 0.020925110132158593
0 0.38884297520661154 0.637114537444934 0.04214876033057851 0.06938325991189428
0 0.4450413223140496 0.6789647577092511 0.03553719008264463 0.05176211453744494
0 0.4925619834710744 0.6701541850220265 0.03471074380165289 0.053964757709251104
0 0.22190082644628098 0.7131057268722467 0.010743801652892562 0.018722466960352426
0 0.2103305785123967 0.7081497797356829 0.00909090909090909 0.013215859030837006
0 0.5371900826446281 0.6729074889867842 0.03636363636363636 0.052863436123348026
0 0.5834710743801653 0.6800660792951543 0.02975206611570248 0.047356828193832606
0 0.6173553719008265 0.6850220264317182 0.04297520661157025 0.059471365638766524
0 0.6574380165289256 0.6624449339207049 0.0371900826446281 0.06277533039647577
0 0.6921487603305785 0.6558370044052864 0.033884297520661154 0.056167400881057275
0 0.7355371900826446 0.6382158590308371 0.049586776859504134 0.07819383259911895
0 0.7690082644628099 0.6541850220264318 0.030578512396694214 0.05726872246696036
0 0.8016528925619835 0.6624449339207049 0.03636363636363636 0.05837004405286344
0 0.8652892561983471 0.6486784140969164 0.03140495867768595 0.06607929515418502
0 0.9 0.5919603524229076 0.08429752066115702 0.10462555066079296
