0 0.09305555555555556 0.6652777777777779 0.03796296296296296 0.05277777777777778
0 0.2064814814814815 0.6763888888888889 0.02777777777777778 0.05
0 0.2351851851851852 0.7069444444444445 0.022222222222222223 0.05
0 0.26712962962962966 0.6625 0.030555555555555558 0.05277777777777778
0 0.28703703703703703 0.7215277777777778 0.018518518518518517 0.034722222222222224
0 0.46805555555555556 0.6666666666666667 0.028703703703703703 0.04722222222222222
0 0.49074074074074076 0.6666666666666667 0.022222222222222223 0.044444444444444446
0 0.5694444444444444 0.6798611111111111 0.031481481481481485 0.04583333333333334
0 0.6222222222222222 0.7368055555555556 0.014814814814814815 0.029166666666666667
0 0.6583333333333333 0.6833333333333333 0.02962962962962963 0.04722222222222222
0 0.7180555555555556 0.7347222222222223 0.015740740740740743 0.025
0 0.7523148148148149 0.7215277777777778 0.015740740740740743 0.029166666666666667
0 0.7722222222222223 0.7312500000000001 0.014814814814814815 0.03194444444444445
0 0.7981481481481482 0.6659722222222223 0.02962962962962963 0.04861111111111111
0 0.8449074074074074 0.6826388888888889 0.025 0.034722222222222224
0 0.9314814814814815 0.6722222222222223 0.022222222222222223 0.04166666666666667
0 0.9523148148148148 0.6826388888888889 0.017592592592592594 0.0375
0 0.538425925925926 0.7701388888888889 0.008333333333333333 0.018055555555555557
