0 0.23342857142857146 0.6358695652173914 0.021142857142857144 0.03881987577639752
0 0.30014285714285716 0.6190476190476191 0.026571428571428572 0.054865424430641824
0 0.324 0.6405279503105591 0.018285714285714287 0.03881987577639752
0 0.3798571428571429 0.5978260869565217 0.02142857142857143 0.04761904761904762
0 0.45071428571428573 0.614648033126294 0.022571428571428572 0.05124223602484473
0 0.5205714285714286 0.641304347826087 0.018285714285714287 0.038302277432712216
0 0.5824285714285715 0.6356107660455487 0.02142857142857143 0.04244306418219462
0 0.6277142857142858 0.626552795031056 0.018857142857142857 0.03881987577639752
0 0.691857142857143 0.6273291925465839 0.022571428571428572 0.04244306418219462
0 0.7657142857142858 0.6048136645962733 0.026285714285714287 0.04606625258799172
0 0.8988571428571429 0.6172360248447205 0.02742857142857143 0.04606625258799172
