0 0.011445783132530122 0.4469835466179159 0.01807228915662651 0.03473491773308958
0 0.03795180722891567 0.44789762340036565 0.01807228915662651 0.029250457038391225
0 0.06626506024096386 0.4616087751371115 0.02168674698795181 0.038391224862888484
0 0.033734939759036145 0.5429616087751371 0.04096385542168675 0.07312614259597806
0 0.09337349397590362 0.4643510054844607 0.020481927710843374 0.03656307129798903
0 0.1210843373493976 0.5374771480804388 0.06626506024096386 0.1170018281535649
0 0.14698795180722893 0.46526508226691043 0.024096385542168676 0.04570383912248629
0 0.16927710843373495 0.45978062157221206 0.022891566265060243 0.04570383912248629
0 0.19457831325301206 0.49085923217550276 0.032530120481927716 0.06398537477148081
0 0.2210843373493976 0.4926873857404022 0.027710843373493978 0.06398537477148081
0 0.24518072289156628 0.4506398537477148 0.025301204819277112 0.04570383912248629
0 0.2789156626506024 0.4469835466179159 0.020481927710843374 0.03473491773308958
0 0.3668674698795181 0.5237659963436929 0.05662650602409639 0.10054844606946983
0 0.405421686746988 0.4890310786106033 0.032530120481927716 0.0603290676416819
0 0.43253012048192774 0.4579524680073126 0.028915662650602414 0.04936014625228519
0 0.2536144578313253 0.38939670932358317 0.013253012048192772 0.025594149908592323
0 0.27831325301204823 0.3939670932358318 0.012048192771084338 0.02376599634369287
0 0.2993975903614458 0.3939670932358318 0.013253012048192772 0.02376599634369287
0 0.3319277108433735 0.3939670932358318 0.010843373493975905 0.02010968921389397
0 0.35060240963855427 0.3912248628884826 0.012048192771084338 0.021937842778793418
0 0.36807228915662654 0.38848263254113347 0.010843373493975905 0.02010968921389397
0 0.39337349397590365 0.39213893967093233 0.013253012048192772 0.02010968921389397
0 0.4168674698795181 0.39213893967093233 0.012048192771084338 0.02010968921389397
0 0.43614457831325304 0.38939670932358317 0.012048192771084338 0.018281535648994516
0 0.46626506024096387 0.39213893967093233 0.00963855421686747 0.02010968921389397
0 0.48313253012048196 0.38939670932358317 0.012048192771084338 0.021937842778793418
0 0.5036144578313253 0.38848263254113347 0.00963855421686747 0.02010968921389397
0 0.5566265060240965 0.386654478976234 0.012048192771084338 0.02010968921389397
0 0.5801204819277109 0.38391224862888484 0.010843373493975905 0.018281535648994516
0 0.6036144578313254 0.3912248628884826 0.014457831325301207 0.021937842778793418
0 0.6271084337349399 0.3912248628884826 0.013253012048192772 0.021937842778793418
0 0.6421686746987952 0.38939670932358317 0.012048192771084338 0.021937842778793418
0 0.6704819277108435 0.38848263254113347 0.013253012048192772 0.02376599634369287
0 0.6873493975903615 0.3875685557586837 0.013253012048192772 0.025594149908592323
0 0.7072289156626507 0.386654478976234 0.012048192771084338 0.02376599634369287
0 0.7409638554216869 0.3857404021937843 0.012048192771084338 0.025594149908592323
0 0.7620481927710844 0.3857404021937843 0.013253012048192772 0.021937842778793418
0 0.7849397590361447 0.386654478976234 0.013253012048192772 0.02010968921389397
0 0.5939759036144578 0.4424131627056673 0.024096385542168676 0.043875685557586835
0 0.6319277108433735 0.4579524680073126 0.030120481927710847 0.056672760511883
0 0.6722891566265061 0.4469835466179159 0.024096385542168676 0.04204753199268738
0 0.6662650602409639 0.49177330895795246 0.03614457831325302 0.06581352833638025
0 0.6927710843373495 0.44789762340036565 0.01927710843373494 0.04021937842778794
0 0.7481927710843375 0.44149908592321757 0.02168674698795181 0.038391224862888484
0 0.7945783132530121 0.4789762340036563 0.020481927710843374 0.04021937842778794
0 0.8018072289156627 0.583180987202925 0.06144578313253012 0.113345521023766
0 0.8602409638554218 0.6160877513711152 0.07951807228915664 0.1316270566727605
0 0.8722891566265061 0.5082266910420475 0.03855421686746988 0.06946983546617916
0 0.936144578313253 0.49725776965265084 0.04337349397590362 0.08043875685557587
0 0.9795180722891567 0.4744058500914077 0.026506024096385545 0.04936014625228519
0 0.9855421686746989 0.5027422303473492 0.028915662650602414 0.062157221206581355
0 0.9843373493975904 0.5886654478976234 0.03132530120481928 0.10968921389396709
0 0.8313253012048194 0.4579524680073126 0.02168674698795181 0.038391224862888484
0 0.9638554216867471 0.4469835466179159 0.01927710843373494 0.04570383912248629
