0 0.24294117647058822 0.3866666666666667 0.04352941176470588 0.06666666666666667
0 0.37470588235294117 0.36583333333333334 0.041176470588235294 0.08166666666666667
0 0.5029411764705882 0.385 0.0388235294117647 0.07666666666666667
0 0.5523529411764705 0.3441666666666667 0.057647058823529405 0.09833333333333334
0 0.6152941176470588 0.3541666666666667 0.039999999999999994 0.085
0 0.7758823529411764 0.275 0.08352941176470588 0.14333333333333334
0 0.31588235294117645 0.3791666666666667 0.04823529411764706 0.095
0 0.43588235294117644 0.36333333333333334 0.05058823529411764 0.10333333333333335
0 0.868235294117647 0.33 0.03764705882352941 0.060000000000000005
0 0.6794117647058823 0.29583333333333334 0.06941176470588235 0.12166666666666667
0 0.9029411764705881 0.3075 0.04352941176470588 0.09166666666666667
0 0.9811764705882352 0.2833333333333333 0.03764705882352941 0.10333333333333335
