0 0.82625 0.544256120527307 0.11750000000000001 0.21092278719397362
0 0.650625 0.3625235404896422 0.07125000000000001 0.14124293785310735
0 0.566875 0.3615819209039548 0.07625 0.11299435028248588
0 0.45687500000000003 0.5112994350282486 0.11125 0.2128060263653484
0 0.33125 0.28907721280602633 0.0575 0.1111111111111111
0 0.08375 0.13465160075329566 0.055 0.08851224105461393
0 0.088125 0.052730696798493404 0.04875 0.0790960451977401
0 0.03375 0.12146892655367231 0.04 0.07344632768361582
0 0.353125 0.2128060263653484 0.03375 0.064030131826742
0 0.44625000000000004 0.19868173258003766 0.04 0.06591337099811675
0 0.3675 0.0743879472693032 0.02 0.047080979284369114
0 0.196875 0.19397363465160075 0.02625 0.05649717514124294
0 0.5425 0.1544256120527307 0.02 0.03766478342749529
0 0.56625 0.23446327683615817 0.0425 0.08097928436911488
0 0.299375 0.1224105461393597 0.02375 0.03766478342749529
0 0.51125 0.1431261770244821 0.02 0.03766478342749529
0 0.27125 0.42749529190207153 0.08 0.12052730696798493
0 0.378125 0.19209039548022597 0.02875 0.041431261770244816
0 0.4925 0.3060263653483992 0.0525 0.09981167608286252
0 0.406875 0.09416195856873823 0.01375 0.022598870056497175
0 0.43062500000000004 0.15254237288135591 0.02125 0.03389830508474576
0 0.49062500000000003 0.20527306967984935 0.03625 0.064030131826742
0 0.445625 0.06685499058380415 0.01375 0.01694915254237288
