0 0.15000000000000002 0.36323713927227097 0.04833333333333334 0.07904642409033877
0 0.45625000000000004 0.33500627352572143 0.029166666666666667 0.06273525721455457
0 0.5045833333333334 0.35633626097867 0.0275 0.060225846925972396
0 0.52125 0.3205771643663739 0.03416666666666667 0.0740276035131744
0 0.5570833333333334 0.328732747804266 0.037500000000000006 0.06775407779171894
0 0.5975 0.3387703889585947 0.04166666666666667 0.08281053952321205
0 0.65 0.28544542032622333 0.043333333333333335 0.09159347553324967
0 0.6904166666666667 0.2961104140526976 0.04583333333333334 0.10539523212045168
0 0.7325 0.2804265997490589 0.05166666666666667 0.10163111668757842
0 0.8191666666666667 0.28607277289836885 0.04666666666666667 0.07528230865746549
0 0.8345833333333333 0.33751568381430364 0.07250000000000001 0.11041405269761605
0 0.6270833333333333 0.33688833124215806 0.0275 0.0589711417816813
0 0.42875 0.32559598494353825 0.02416666666666667 0.05144291091593475
0 0.3825 0.3306148055207026 0.023333333333333334 0.053952321204516936
