0 0.15162721893491124 0.654245283018868 0.042899408284023666 0.057547169811320756
0 0.28254437869822485 0.6556603773584906 0.03698224852071006 0.052830188679245285
0 0.3646449704142012 0.6665094339622641 0.03698224852071006 0.048113207547169815
0 0.5861686390532544 0.684433962264151 0.04215976331360947 0.05188679245283019
0 0.1815828402366864 0.2419811320754717 0.03476331360946745 0.048113207547169815
0 0.21634615384615385 0.3754716981132076 0.03476331360946745 0.04716981132075472
0 0.15754437869822485 0.41650943396226414 0.03106508875739645 0.046226415094339626
0 0.43158284023668636 0.5462264150943397 0.030325443786982247 0.04905660377358491
0 0.47115384615384615 0.5113207547169811 0.028106508875739643 0.04339622641509434
0 0.529215976331361 0.5254716981132076 0.03180473372781065 0.04716981132075472
0 0.5684171597633136 0.5735849056603773 0.030325443786982247 0.04528301886792453
0 0.6017011834319527 0.5047169811320755 0.03180473372781065 0.04716981132075472
0 0.625 0.5514150943396227 0.03106508875739645 0.04245283018867924
0 0.6623520710059172 0.6028301886792453 0.028846153846153844 0.04716981132075472
0 0.6978550295857988 0.6287735849056604 0.027366863905325445 0.04433962264150943
0 0.6841715976331361 0.5462264150943397 0.034023668639053255 0.04716981132075472
0 0.47928994082840237 0.2797169811320755 0.028106508875739643 0.046226415094339626
0 0.4911242603550296 0.4349056603773585 0.03550295857988166 0.04905660377358491
0 0.48631656804733725 0.6943396226415094 0.036242603550295856 0.052830188679245285
0 0.897189349112426 0.6872641509433962 0.03254437869822485 0.048113207547169815
0 0.8979289940828402 0.8080188679245283 0.034023668639053255 0.04245283018867924
0 0.9460059171597633 0.7518867924528302 0.03254437869822485 0.04528301886792453
