0 0.05952380952380952 0.4365079365079365 0.07142857142857142 0.10758377425044091
0 0.17526455026455026 0.41622574955908287 0.09126984126984126 0.14462081128747795
0 0.26455026455026454 0.4065255731922398 0.03968253968253968 0.0582010582010582
0 0.33994708994708994 0.40476190476190477 0.06084656084656084 0.08289241622574955
0 0.5337301587301587 0.41181657848324515 0.051587301587301584 0.08994708994708994
0 0.7149470899470899 0.40828924162257496 0.07539682539682539 0.10758377425044091
0 0.9457671957671957 0.45238095238095233 0.0873015873015873 0.164021164021164
0 0.47817460317460314 0.41887125220458554 0.041005291005291 0.054673721340388004
0 0.7804232804232804 0.43738977072310403 0.04497354497354497 0.06701940035273368
0 0.8723544973544973 0.4109347442680776 0.041005291005291 0.07407407407407407
