0 0.5345454545454545 0.39913366336633666 0.04181818181818182 0.06311881188118812
0 0.16363636363636364 0.7209158415841584 0.04 0.06064356435643564
0 0.6168181818181818 0.557549504950495 0.03363636363636364 0.053217821782178217
0 0.6954545454545454 0.47957920792079206 0.04 0.06311881188118812
0 0.8881818181818182 0.4702970297029703 0.04 0.0594059405940594
0 0.9559090909090909 0.5222772277227723 0.042727272727272725 0.06188118811881188
0 0.8304545454545454 0.34034653465346537 0.03727272727272727 0.06188118811881188
0 0.8390909090909091 0.28589108910891087 0.038181818181818185 0.054455445544554455
0 0.9522727272727273 0.30445544554455445 0.04090909090909091 0.0594059405940594
0 0.9136363636363637 0.41336633663366334 0.038181818181818185 0.054455445544554455
0 0.7554545454545455 0.7277227722772277 0.038181818181818185 0.05693069306930693
0 0.9868181818181818 0.40532178217821785 0.026363636363636363 0.07301980198019802
0 0.9845454545454545 0.48205445544554454 0.03090909090909091 0.06311881188118812
