0 0.12548828125 0.10221354166666666 0.0791015625 0.13932291666666666
0 0.50439453125 0.061197916666666664 0.0361328125 0.0546875
0 0.716796875 0.16471354166666666 0.037109375 0.06380208333333333
0 0.81201171875 0.14127604166666666 0.0380859375 0.07161458333333333
0 0.8623046875 0.16666666666666666 0.037109375 0.05989583333333333
0 0.94921875 0.16666666666666666 0.03515625 0.06770833333333333
0 0.5185546875 0.59765625 0.158203125 0.21614583333333331
0 0.8486328125 0.5963541666666666 0.08984375 0.171875
0 0.822265625 0.9420572916666666 0.05859375 0.11067708333333333
0 0.50390625 0.9322916666666666 0.05078125 0.09375
0 0.17822265625 0.9205729166666666 0.0341796875 0.0703125
0 0.13671875 0.5390625 0.083984375 0.15104166666666666
