1 0.2175 0.2831858407079646 0.05 0.07079646017699115
1 0.3075 0.26769911504424776 0.045 0.08407079646017698
1 0.13 0.6261061946902655 0.05 0.14601769911504425
1 0.37125 0.8716814159292036 0.0975 0.18584070796460178
1 0.3725 0.5154867256637168 0.065 0.12831858407079647
1 0.37125 0.3495575221238938 0.0625 0.08849557522123894
1 0.46375 0.1902654867256637 0.0425 0.09734513274336283
1 0.445 0.24557522123893805 0.03 0.08407079646017698
1 0.51125 0.18805309734513273 0.0425 0.08407079646017698
1 0.465 0.45132743362831856 0.055 0.10619469026548672
1 0.4575 0.6261061946902655 0.065 0.10176991150442477
1 0.56375 0.5110619469026548 0.0625 0.12831858407079647
1 0.6175 0.9048672566371682 0.09 0.16371681415929204
1 0.645 0.5619469026548672 0.07 0.12389380530973451
1 0.70375 0.7876106194690266 0.0525 0.1504424778761062
1 0.68 0.40929203539823006 0.05 0.09292035398230089
1 0.75875 0.5287610619469026 0.0575 0.11061946902654868
1 0.8200000000000001 0.11946902654867256 0.035 0.07964601769911504
1 0.84 0.5088495575221239 0.07 0.07964601769911504
