1 0.0675 0.7051282051282052 0.12 0.304029304029304
1 0.3225 0.06043956043956044 0.06 0.0695970695970696
1 0.055 0.023809523809523808 0.055 0.040293040293040296
1 0.25875 0.1758241758241758 0.0525 0.08058608058608059
1 0.34750000000000003 0.18681318681318682 0.07 0.10256410256410256
1 0.68875 0.14652014652014653 0.0575 0.09523809523809523
1 0.8275 0.1978021978021978 0.045 0.08058608058608059
1 0.77875 0.4816849816849817 0.0825 0.10622710622710622
1 0.93375 0.35714285714285715 0.0625 0.08424908424908426
1 0.4975 0.4194139194139194 0.07 0.11355311355311355
